  -1.0000000000000000        69.749355351351497        18.335395068660528     
   2.6400000000000001        336.62151020071616        70.933607400365332     
   6.2799999999999994        288.93076351673432        70.694196453511736     
   9.9199999999999999        249.46935479446611        68.491705324430669     
   13.559999999999999        138.35725928280638        58.380041894653658     
   17.199999999999999        179.44517680013627        63.895141275013060     
   20.840000000000000        252.99504779555258        75.015916287812118     
   24.480000000000000        78.951800916907061        35.620637919096119     
   28.120000000000001        244.42188033111631        78.824128211556726     
   31.759999999999998        195.53651461899574        83.560504721750505     
   35.399999999999999        138.14335114666125        76.201438544290056     
   39.039999999999999        165.17877797112325        66.385312204008187     
   42.680000000000000        109.66715366094077        58.011827056751166     
   46.320000000000000        118.83495028889766        55.865628927246988     
   49.960000000000001        136.77329538733824        54.360530663973108     
   53.600000000000001        172.45362871124718        77.459487919844250     
   57.240000000000002        227.91356917668887        85.405842395467431     
   60.879999999999995        272.91627831493071        87.879259040502987     
   64.519999999999996        396.44119182460707        100.18791145084758     
   68.159999999999997        430.15807592826621        107.99081798225612     
   71.799999999999997        287.56930484001202        81.664777636336339     
   75.439999999999998        414.35365407193609        90.477137080563992     
   79.079999999999998        365.78377751278560        78.899203452681547     
   82.719999999999999        632.74152870762418        98.195041696267410     
   86.359999999999999        536.05671700045116        88.472939448991838     
   90.000000000000000        668.72403807036289        115.45130918818609     
   93.640000000000001        683.99899371671029        107.25206513860587     
   97.280000000000001        546.11614489324779        92.039897624401050     
   100.92000000000000        446.36784588262282        96.625231421326546     
   104.56000000000000        298.86049380925181        78.211701846250193     
   108.20000000000000        391.06144308118485        101.68568420189293     
   111.84000000000000        95.850478454533189        34.846950058210624     
   115.48000000000000        278.60499929049627        79.752665593659543     
   119.12000000000000        157.84070530230252        59.341231723324341     
   122.76000000000001        151.85398234963731        81.136688584619165     
   126.39999999999999        322.63943263868401        141.42874354916540     
   130.03999999999999        205.39983614997220        76.855570129977593     
   133.67999999999998        210.10905498144021        79.104821622900360     
   137.31999999999996        252.02506373581386        80.560736525450494     
   140.95999999999995        235.40709786818280        79.527141778792981     
   144.59999999999994        246.57999659808399        142.71376628125489     
   148.23999999999992        238.86914182898497        76.057845540600397     
   151.87999999999991        174.70631513176423        64.568389161975730     
   155.51999999999990        366.16629860760895        112.39181556612449     
   159.15999999999988        166.22923063752469        53.077907656618827     
   162.79999999999987        302.36353589728566        109.95738243386708     
   166.43999999999986        350.97557365295137        79.284083472330479     
   170.07999999999984        303.13349304101905        70.803072277321490     
   173.71999999999983        268.58888342061846        61.901018636607354     
   177.35999999999981        25.269540890739812        9.5414626355717580     
