   1.1857777713473317E-002  -0.0000000000000000       -0.0000000000000000     
   1.1620622159203850E-002  -0.0000000000000000       -0.0000000000000000     
   1.1383466604934384E-002  -0.0000000000000000       -0.0000000000000000     
   1.1146311050664917E-002  -0.0000000000000000       -0.0000000000000000     
   1.0909155496395451E-002  -0.0000000000000000       -0.0000000000000000     
   1.0671999942125985E-002  -0.0000000000000000       -0.0000000000000000     
   1.0434844387856518E-002  -0.0000000000000000       -0.0000000000000000     
   1.0197688833587052E-002  -0.0000000000000000       -0.0000000000000000     
   9.9605332793175853E-003  -0.0000000000000000       -0.0000000000000000     
   9.7233777250481188E-003  -0.0000000000000000       -0.0000000000000000     
   9.4862221707786524E-003  -0.0000000000000000       -0.0000000000000000     
   9.2490666165091859E-003  -0.0000000000000000       -0.0000000000000000     
   9.0119110622397195E-003  -0.0000000000000000       -0.0000000000000000     
   8.7747555079702531E-003  -0.0000000000000000       -0.0000000000000000     
   8.5375999537007866E-003  -0.0000000000000000       -0.0000000000000000     
   8.3004443994313202E-003  -0.0000000000000000       -0.0000000000000000     
   8.0632888451618537E-003  -0.0000000000000000       -0.0000000000000000     
   7.8261332908923873E-003  -0.0000000000000000       -0.0000000000000000     
   7.5889777366229209E-003  -0.0000000000000000       -0.0000000000000000     
   7.3518221823534544E-003  -0.0000000000000000       -0.0000000000000000     
   7.1146666280839880E-003  -0.0000000000000000       -0.0000000000000000     
   6.8775110738145215E-003  -0.0000000000000000       -0.0000000000000000     
   6.6403555195450551E-003  -0.0000000000000000       -0.0000000000000000     
   6.4031999652755887E-003  -0.0000000000000000       -0.0000000000000000     
   6.1660444110061222E-003  -0.0000000000000000       -0.0000000000000000     
   5.9288888567366558E-003  -0.0000000000000000       -0.0000000000000000     
   5.6917333024671894E-003  -0.0000000000000000       -0.0000000000000000     
   5.4545777481977229E-003  -0.0000000000000000       -0.0000000000000000     
   5.2174221939282565E-003  -0.0000000000000000       -0.0000000000000000     
   4.9802666396587900E-003  -0.0000000000000000       -0.0000000000000000     
   4.7431110853893236E-003  -0.0000000000000000       -0.0000000000000000     
   4.5059555311198572E-003  -0.0000000000000000       -0.0000000000000000     
   4.2687999768503907E-003  -0.0000000000000000       -0.0000000000000000     
   4.0316444225809243E-003  -0.0000000000000000       -0.0000000000000000     
   3.7944888683114578E-003  -0.0000000000000000       -0.0000000000000000     
   3.5573333140419914E-003  -0.0000000000000000       -0.0000000000000000     
   3.3201777597725250E-003  -0.0000000000000000       -0.0000000000000000     
   3.0830222055030585E-003  -0.0000000000000000       -0.0000000000000000     
   2.8458666512335921E-003  -0.0000000000000000       -0.0000000000000000     
   2.6087110969641256E-003  -0.0000000000000000       -0.0000000000000000     
   2.3715555426946592E-003  -0.0000000000000000       -0.0000000000000000     
   2.1343999884251928E-003  -0.0000000000000000       -0.0000000000000000     
   1.8972444341557263E-003  -0.0000000000000000       -0.0000000000000000     
   1.6600888798862599E-003  -0.0000000000000000       -0.0000000000000000     
   1.4229333256167934E-003  -0.0000000000000000       -0.0000000000000000     
   1.1857777713473270E-003  -0.0000000000000000       -0.0000000000000000     
   9.4862221707786066E-004  -0.0000000000000000       -0.0000000000000000     
   7.1146666280839433E-004  -0.0000000000000000       -0.0000000000000000     
   4.7431110853892800E-004  -0.0000000000000000       -0.0000000000000000     
   2.3715555426946167E-004  -0.0000000000000000       -0.0000000000000000     
