  -1.0000000000000000E-002   0.0000000000000000        0.0000000000000000     
  -9.6810000000000004E-003   0.0000000000000000        0.0000000000000000     
  -9.3620000000000005E-003   0.0000000000000000        0.0000000000000000     
  -9.0430000000000007E-003   0.0000000000000000        0.0000000000000000     
  -8.7240000000000009E-003   0.0000000000000000        0.0000000000000000     
  -8.4050000000000010E-003   0.0000000000000000        0.0000000000000000     
  -8.0860000000000012E-003   0.0000000000000000        0.0000000000000000     
  -7.7670000000000013E-003   0.0000000000000000        0.0000000000000000     
  -7.4480000000000015E-003   0.0000000000000000        0.0000000000000000     
  -7.1290000000000017E-003   0.0000000000000000        0.0000000000000000     
  -6.8100000000000018E-003   0.0000000000000000        0.0000000000000000     
  -6.4910000000000020E-003   0.0000000000000000        0.0000000000000000     
  -6.1720000000000021E-003   0.0000000000000000        0.0000000000000000     
  -5.8530000000000023E-003   0.0000000000000000        0.0000000000000000     
  -5.5340000000000025E-003   0.0000000000000000        0.0000000000000000     
  -5.2150000000000026E-003   0.0000000000000000        0.0000000000000000     
  -4.8960000000000028E-003   0.0000000000000000        0.0000000000000000     
  -4.5770000000000029E-003   0.0000000000000000        0.0000000000000000     
  -4.2580000000000031E-003   0.0000000000000000        0.0000000000000000     
  -3.9390000000000033E-003   0.0000000000000000        0.0000000000000000     
  -3.6200000000000034E-003   0.0000000000000000        0.0000000000000000     
  -3.3010000000000036E-003   0.0000000000000000        0.0000000000000000     
  -2.9820000000000037E-003   0.0000000000000000        0.0000000000000000     
  -2.6630000000000039E-003   0.0000000000000000        0.0000000000000000     
  -2.3440000000000041E-003   0.0000000000000000        0.0000000000000000     
  -2.0250000000000042E-003   0.0000000000000000        0.0000000000000000     
  -1.7060000000000042E-003   0.0000000000000000        0.0000000000000000     
  -1.3870000000000041E-003   0.0000000000000000        0.0000000000000000     
  -1.0680000000000041E-003   0.0000000000000000        0.0000000000000000     
  -7.4900000000000400E-004   0.0000000000000000        0.0000000000000000     
  -4.3000000000000400E-004   0.0000000000000000        0.0000000000000000     
  -1.1100000000000400E-004   1265223.9095332893        589971.92728613864     
   2.0799999999999600E-004   4302736.2287439387        1262797.5749765467     
   5.2699999999999600E-004   1035099.4098131189        504331.18019008491     
   8.4599999999999606E-004   424600.03587453737        251132.72861866830     
   1.1649999999999961E-003   480075.20753379038        297198.82575839316     
   1.4839999999999962E-003   767949.11128309381        767826.85559318704     
   1.8029999999999962E-003   0.0000000000000000        0.0000000000000000     
   2.1219999999999963E-003   0.0000000000000000        0.0000000000000000     
   2.4409999999999961E-003   0.0000000000000000        0.0000000000000000     
   2.7599999999999960E-003   0.0000000000000000        0.0000000000000000     
   3.0789999999999958E-003   0.0000000000000000        0.0000000000000000     
   3.3979999999999956E-003   0.0000000000000000        0.0000000000000000     
   3.7169999999999955E-003   0.0000000000000000        0.0000000000000000     
   4.0359999999999953E-003   0.0000000000000000        0.0000000000000000     
   4.3549999999999952E-003   0.0000000000000000        0.0000000000000000     
   4.6739999999999950E-003   0.0000000000000000        0.0000000000000000     
   4.9929999999999948E-003   0.0000000000000000        0.0000000000000000     
   5.3119999999999947E-003   0.0000000000000000        0.0000000000000000     
   5.6309999999999945E-003   0.0000000000000000        0.0000000000000000     
