  -1.0000000000000000        0.0000000000000000        0.0000000000000000     
 -0.76000000000000001        0.0000000000000000        0.0000000000000000     
 -0.52000000000000002        0.0000000000000000        0.0000000000000000     
 -0.28000000000000003        0.0000000000000000        0.0000000000000000     
  -4.0000000000000036E-002   1163682.3576720466        11428.146158504676     
  0.19999999999999996        394043.14451617177        8946.3856432071680     
  0.43999999999999995        55773.356828184173        4092.1936043259193     
  0.67999999999999994        25354.999678766158        2820.6321681369363     
  0.91999999999999993        13585.860159064223        2066.4642109952506     
   1.1599999999999999        10743.263162976435        1720.4432861434364     
   1.3999999999999999        9201.2238907766005        1614.2232741782582     
   1.6399999999999999        11841.350025820680        2224.7232606680941     
   1.8800000000000001        11134.436312941238        1824.9785363996016     
   2.1200000000000001        3562.9324648686352        956.42127860668791     
   2.3600000000000003        5513.0858068011148        1313.0752209020673     
   2.6000000000000005        6487.3236125684944        1649.8398703274884     
   2.8400000000000007        2638.4282627017119        861.09150878431410     
   3.0800000000000010        3277.3584276188258        929.50801612040834     
   3.3200000000000012        2920.9469138764257        879.46533893554624     
   3.5600000000000014        2198.7228912857636        855.59314390762142     
   3.8000000000000016        2662.2537168066119        886.30262135491637     
   4.0400000000000018        2777.0777218098933        1044.7087638357186     
   4.2800000000000020        4357.2567610260112        1302.3833348516243     
   4.5200000000000022        2426.5175453081765        788.09402709113931     
   4.7600000000000025        2942.5565444498479        933.73996371234841     
   5.0000000000000027        3520.9750331528676        1520.1894567184611     
   5.2400000000000029        85.772677313068073        85.765427794624401     
   5.4800000000000031        3330.6272236772729        1175.6281709051657     
   5.7200000000000033        3660.1322446676695        1480.0839693739342     
   5.9600000000000035        1828.2009542174831        772.29814232931301     
   6.2000000000000037        310.65337934858218        310.63548199126649     
   6.4400000000000039        830.45382636795773        457.37618460552386     
   6.6800000000000042        311.10457975854098        217.78116723858091     
   6.9200000000000044        1277.6039780871711        805.06000614682148     
   7.1600000000000046        1207.5556672923428        689.70702163506951     
   7.4000000000000048        514.50289088010879        335.02510138147750     
   7.6400000000000050        2135.6414225867920        1598.2601956585643     
   7.8800000000000043        173.20670195203061        170.73954759819568     
   8.1200000000000045        1485.6638331105664        721.14808504871530     
   8.3600000000000048        926.09913558291680        664.59113603814433     
   8.6000000000000050        1757.7040742382899        1096.9459094516003     
   8.8400000000000052        628.26964122588470        518.04061787045953     
   9.0800000000000054        474.25138924479882        302.52105762778803     
   9.3200000000000056        856.77137780705777        525.80473425001003     
   9.5600000000000058        1265.2392594819394        683.95830514313116     
   9.8000000000000060        300.28575139885697        300.26203495516017     
   10.040000000000006        366.93915915551929        366.91154379072714     
   10.280000000000006        442.34536141294927        352.30935001224685     
   10.520000000000007        892.42673409140457        558.99550332099000     
   10.760000000000007        614.07026330573410        356.09783778997127     
