  -1.0000000000000000        0.0000000000000000        0.0000000000000000     
 -0.76000000000000001        0.0000000000000000        0.0000000000000000     
 -0.52000000000000002        0.0000000000000000        0.0000000000000000     
 -0.28000000000000003        0.0000000000000000        0.0000000000000000     
  -4.0000000000000036E-002   1124747.5308131245        11334.480410281269     
  0.19999999999999996        398045.61613665981        8965.1754874758717     
  0.43999999999999995        57948.839671191025        4214.7136785022849     
  0.67999999999999994        26583.169126276196        2801.4617113695717     
  0.91999999999999993        18501.333548103914        2411.6679431404978     
   1.1599999999999999        12307.135477838967        2205.0259963348603     
   1.3999999999999999        9173.7606842173154        1570.4364782258417     
   1.6399999999999999        11094.831950082784        2057.8882333011134     
   1.8800000000000001        8185.7416532629968        1546.0974247485033     
   2.1200000000000001        6705.3191252795568        1399.7339201080538     
   2.3600000000000003        8471.2542224388435        1693.6023598137840     
   2.6000000000000005        9028.4113944624005        1873.7372564925511     
   2.8400000000000007        6239.8989648462384        1320.3777151101726     
   3.0800000000000010        4169.6903918308972        1089.2482993050394     
   3.3200000000000012        3824.8784238705093        958.11664408303591     
   3.5600000000000014        2852.3252972654518        919.65396053537893     
   3.8000000000000016        3106.1735912122263        982.95622256434103     
   4.0400000000000018        1937.9508085503901        652.25323177572022     
   4.2800000000000020        3411.0447137391980        1081.5437472157910     
   4.5200000000000022        2519.6802109058331        813.67692815179748     
   4.7600000000000025        2614.0503579456363        867.85955554837915     
   5.0000000000000027        1568.9428310498906        681.83972507834915     
   5.2400000000000029        3266.6089417031812        1332.0458792003385     
   5.4800000000000031        2287.7848397309945        816.13126067690109     
   5.7200000000000033        2938.8031799088094        983.10726376420928     
   5.9600000000000035        4205.2454229918030        1280.9442658811263     
   6.2000000000000037        3070.4596570882072        1418.7778534440438     
   6.4400000000000039        4022.6187748404891        1435.7341029592071     
   6.6800000000000042        754.84216102223979        351.74084208224292     
   6.9200000000000044        1637.6678511661585        813.27041706195564     
   7.1600000000000046        2798.8495862035434        1110.4736436701528     
   7.4000000000000048        958.33734646814742        521.98856777481376     
   7.6400000000000050        492.84570988525428        298.16147809349366     
   7.8800000000000043        645.83656001972838        388.06687454124994     
   8.1200000000000045        1374.5028181296702        879.03218211199919     
   8.3600000000000048        3095.6045884554983        1692.6164236418679     
   8.6000000000000050        980.28280627503023        569.07802182915657     
   8.8400000000000052        957.65956464062913        562.11637648390263     
   9.0800000000000054        1913.3954855246334        1092.5783025555013     
   9.3200000000000056        1185.4368970816381        624.78560690069116     
   9.5600000000000058        1629.0741654335800        668.02515280647583     
   9.8000000000000060        0.0000000000000000        0.0000000000000000     
   10.040000000000006        714.83151521675973        423.65076830708909     
   10.280000000000006        711.54908805052412        503.87067247137122     
   10.520000000000007        867.23417461029067        548.64125727112514     
   10.760000000000007        888.57016984165455        549.90047320486713     
