  -4.0000000000000001E-003   0.0000000000000000        0.0000000000000000     
  -3.5500000000000002E-003   0.0000000000000000        0.0000000000000000     
  -3.1000000000000003E-003   0.0000000000000000        0.0000000000000000     
  -2.6500000000000004E-003   0.0000000000000000        0.0000000000000000     
  -2.2000000000000006E-003   0.0000000000000000        0.0000000000000000     
  -1.7500000000000005E-003   0.0000000000000000        0.0000000000000000     
  -1.3000000000000004E-003   0.0000000000000000        0.0000000000000000     
  -8.5000000000000028E-004   0.0000000000000000        0.0000000000000000     
  -4.0000000000000024E-004   0.0000000000000000        0.0000000000000000     
   4.9999999999999752E-005   0.0000000000000000        0.0000000000000000     
   4.9999999999999979E-004   0.0000000000000000        0.0000000000000000     
   9.4999999999999989E-004   0.0000000000000000        0.0000000000000000     
   1.4000000000000000E-003   0.0000000000000000        0.0000000000000000     
   1.8499999999999999E-003   0.0000000000000000        0.0000000000000000     
   2.3000000000000000E-003   0.0000000000000000        0.0000000000000000     
   2.7499999999999998E-003   0.0000000000000000        0.0000000000000000     
   3.1999999999999997E-003   0.0000000000000000        0.0000000000000000     
   3.6499999999999996E-003   0.0000000000000000        0.0000000000000000     
   4.0999999999999995E-003   0.0000000000000000        0.0000000000000000     
   4.5499999999999994E-003   0.0000000000000000        0.0000000000000000     
   4.9999999999999992E-003   0.0000000000000000        0.0000000000000000     
   5.4499999999999991E-003   0.0000000000000000        0.0000000000000000     
   5.8999999999999990E-003   1160351.6408748319        389361.10647993180     
   6.3499999999999989E-003   1423456.8449293971        456734.46282411925     
   6.7999999999999988E-003   3875481.1198678720        880498.95757192338     
   7.2499999999999986E-003   10010212.698794164        1385510.3627804138     
   7.6999999999999994E-003   23058285.078765459        1930225.3872743305     
   8.1499999999999993E-003   904201910.79976892        5811050.1240414521     
   8.6000000000000000E-003   0.0000000000000000        0.0000000000000000     
   9.0500000000000008E-003   0.0000000000000000        0.0000000000000000     
   9.5000000000000015E-003   0.0000000000000000        0.0000000000000000     
   9.9500000000000022E-003   0.0000000000000000        0.0000000000000000     
   1.0400000000000003E-002   0.0000000000000000        0.0000000000000000     
   1.0850000000000004E-002   0.0000000000000000        0.0000000000000000     
   1.1300000000000004E-002   0.0000000000000000        0.0000000000000000     
   1.1750000000000005E-002   0.0000000000000000        0.0000000000000000     
   1.2200000000000006E-002   0.0000000000000000        0.0000000000000000     
   1.2650000000000007E-002   0.0000000000000000        0.0000000000000000     
   1.3100000000000007E-002   0.0000000000000000        0.0000000000000000     
   1.3550000000000008E-002   0.0000000000000000        0.0000000000000000     
   1.4000000000000009E-002   0.0000000000000000        0.0000000000000000     
   1.4450000000000010E-002   0.0000000000000000        0.0000000000000000     
   1.4900000000000010E-002   0.0000000000000000        0.0000000000000000     
   1.5350000000000011E-002   0.0000000000000000        0.0000000000000000     
   1.5800000000000012E-002   0.0000000000000000        0.0000000000000000     
   1.6250000000000011E-002   0.0000000000000000        0.0000000000000000     
   1.6700000000000010E-002   0.0000000000000000        0.0000000000000000     
   1.7150000000000009E-002   0.0000000000000000        0.0000000000000000     
   1.7600000000000008E-002   0.0000000000000000        0.0000000000000000     
   1.8050000000000007E-002   0.0000000000000000        0.0000000000000000     
