   77.000000000000000        0.0000000000000000        0.0000000000000000     
   77.519999999999996        952.29829177982879        366.91472443772233     
   78.039999999999992        10079.171806472579        1005.4012837294168     
   78.559999999999988        9664.0985171331304        994.37582684487950     
   79.079999999999984        12221.128149915428        1152.1889772843510     
   79.599999999999980        9828.0336822810586        1001.7066961061822     
   80.119999999999976        12514.762378715048        1212.2382560161036     
   80.639999999999972        12717.663620597856        1218.0549904651464     
   81.159999999999968        12934.739992374341        1184.6117240497010     
   81.679999999999964        13222.805810446123        1190.6858941639525     
   82.199999999999960        14792.715165703481        1235.2979320887880     
   82.719999999999956        13649.902271369225        1195.1787604420722     
   83.239999999999952        13580.196366583616        1230.3671228711969     
   83.759999999999948        14827.009946790324        1274.4656354077540     
   84.279999999999944        13034.582716827899        1192.1332146916254     
   84.799999999999940        14948.446016790724        1325.1096869332080     
   85.319999999999936        15328.076521830351        1267.9690268466229     
   85.839999999999932        13942.915869526169        1223.1423972924342     
   86.359999999999928        15779.423501108138        1391.6988841243694     
   86.879999999999924        17113.518958463690        1322.0835189607267     
   87.399999999999920        16789.761277113466        1379.8321349734499     
   87.919999999999916        14434.142205811522        1221.6179452853114     
   88.439999999999912        17996.740500718970        1397.9435800942572     
   88.959999999999908        18046.778272973665        1517.8195010861439     
   89.479999999999905        19407.590902456181        1492.1208014732731     
   89.999999999999901        18121.487116668693        1427.4523588759946     
   90.519999999999897        18060.060612586665        1326.0296959119225     
   91.039999999999893        17484.227351322595        1430.5178096932068     
   91.559999999999889        18109.079197328479        1373.2342066228223     
   92.079999999999885        17662.488141030546        1446.6475895520221     
   92.599999999999881        17426.756729071389        1351.0360078555402     
   93.119999999999877        20644.077800331805        1442.2891272715383     
   93.639999999999873        19506.537433988142        1512.9662157916569     
   94.159999999999869        18840.024830655471        1465.6601173771530     
   94.679999999999865        19546.252065951310        1490.8449611158244     
   95.199999999999861        23868.991099177114        1660.2911999617224     
   95.719999999999857        20439.305083769443        1514.8063889043383     
   96.239999999999853        23299.209996585101        1578.9905300607452     
   96.759999999999849        23086.251359314992        1602.6447402245494     
   97.279999999999845        22668.319834594713        1631.8340713546966     
   97.799999999999841        24453.040156216830        1691.0003778119976     
   98.319999999999837        21881.102468589328        1697.3807632461198     
   98.839999999999833        22969.830487879815        1539.7887715685829     
   99.359999999999829        21947.049008271304        1549.5603186720994     
   99.879999999999825        26560.344568260683        1738.5006049740555     
   100.39999999999982        25885.080953771183        1633.9839038731113     
   100.91999999999982        24047.603853765842        1632.3101784361793     
   101.43999999999981        25606.319817638865        1646.7905702532037     
   101.95999999999981        1089.2235428126653        332.96215540211591     
   102.47999999999981        0.0000000000000000        0.0000000000000000     
