  -1.0000000000000000E-002   0.0000000000000000        0.0000000000000000     
  -9.6810000000000004E-003   0.0000000000000000        0.0000000000000000     
  -9.3620000000000005E-003   0.0000000000000000        0.0000000000000000     
  -9.0430000000000007E-003   0.0000000000000000        0.0000000000000000     
  -8.7240000000000009E-003   0.0000000000000000        0.0000000000000000     
  -8.4050000000000010E-003   0.0000000000000000        0.0000000000000000     
  -8.0860000000000012E-003   0.0000000000000000        0.0000000000000000     
  -7.7670000000000013E-003   0.0000000000000000        0.0000000000000000     
  -7.4480000000000015E-003   0.0000000000000000        0.0000000000000000     
  -7.1290000000000017E-003   0.0000000000000000        0.0000000000000000     
  -6.8100000000000018E-003   0.0000000000000000        0.0000000000000000     
  -6.4910000000000020E-003   0.0000000000000000        0.0000000000000000     
  -6.1720000000000021E-003   0.0000000000000000        0.0000000000000000     
  -5.8530000000000023E-003   0.0000000000000000        0.0000000000000000     
  -5.5340000000000025E-003   0.0000000000000000        0.0000000000000000     
  -5.2150000000000026E-003   0.0000000000000000        0.0000000000000000     
  -4.8960000000000028E-003   0.0000000000000000        0.0000000000000000     
  -4.5770000000000029E-003   0.0000000000000000        0.0000000000000000     
  -4.2580000000000031E-003   0.0000000000000000        0.0000000000000000     
  -3.9390000000000033E-003   0.0000000000000000        0.0000000000000000     
  -3.6200000000000034E-003   0.0000000000000000        0.0000000000000000     
  -3.3010000000000036E-003   0.0000000000000000        0.0000000000000000     
  -2.9820000000000037E-003   0.0000000000000000        0.0000000000000000     
  -2.6630000000000039E-003   0.0000000000000000        0.0000000000000000     
  -2.3440000000000041E-003   0.0000000000000000        0.0000000000000000     
  -2.0250000000000042E-003   0.0000000000000000        0.0000000000000000     
  -1.7060000000000042E-003   0.0000000000000000        0.0000000000000000     
  -1.3870000000000041E-003   0.0000000000000000        0.0000000000000000     
  -1.0680000000000041E-003   0.0000000000000000        0.0000000000000000     
  -7.4900000000000400E-004   0.0000000000000000        0.0000000000000000     
  -4.3000000000000400E-004   0.0000000000000000        0.0000000000000000     
  -1.1100000000000400E-004   13953757.055614254        2275302.3284614123     
   2.0799999999999600E-004   52848777.503040738        3360626.1295421356     
   5.2699999999999600E-004   26748502.668113347        2541990.6438395968     
   8.4599999999999606E-004   15977977.435431812        1869226.9311076412     
   1.1649999999999961E-003   14595114.526986646        2169044.7826241297     
   1.4839999999999962E-003   8591106.7998136748        1364840.6726305173     
   1.8029999999999962E-003   6049300.3040516833        1168905.3311019947     
   2.1219999999999963E-003   4965174.2654950004        1122002.2854469605     
   2.4409999999999961E-003   2151304.3189935070        824082.33274619782     
   2.7599999999999960E-003   700906.77523143985        410781.93307552877     
   3.0789999999999958E-003   349228.51154767344        349203.11957384791     
   3.3979999999999956E-003   0.0000000000000000        0.0000000000000000     
   3.7169999999999955E-003   0.0000000000000000        0.0000000000000000     
   4.0359999999999953E-003   0.0000000000000000        0.0000000000000000     
   4.3549999999999952E-003   0.0000000000000000        0.0000000000000000     
   4.6739999999999950E-003   0.0000000000000000        0.0000000000000000     
   4.9929999999999948E-003   0.0000000000000000        0.0000000000000000     
   5.3119999999999947E-003   0.0000000000000000        0.0000000000000000     
   5.6309999999999945E-003   0.0000000000000000        0.0000000000000000     
