   77.000000000000000        0.0000000000000000        0.0000000000000000     
   77.519999999999996        1050.1535141761854        320.36364493980017     
   78.039999999999992        25627.709115223512        1689.3521356579363     
   78.559999999999988        23730.388090472912        1593.8203734744634     
   79.079999999999984        26443.701413453688        1656.3733473108030     
   79.599999999999980        25485.705155732790        1611.5489793402287     
   80.119999999999976        23369.868854653534        1659.5566409421306     
   80.639999999999972        21496.258757884538        1661.5426185951903     
   81.159999999999968        24754.992932685018        1692.2199726280141     
   81.679999999999964        23726.033815415660        1627.0810705585266     
   82.199999999999960        22380.782481562681        1595.1829663220519     
   82.719999999999956        22969.059814491182        1575.6416005126600     
   83.239999999999952        22561.992816315073        1608.3936947991019     
   83.759999999999948        23066.121789521556        1655.4761131031878     
   84.279999999999944        21479.786368064411        1544.9414087880959     
   84.799999999999940        19372.959314926167        1491.2356836541110     
   85.319999999999936        20050.853410868232        1491.5446268698754     
   85.839999999999932        18558.848889641351        1468.9092169403739     
   86.359999999999928        22224.769527402674        1539.5515085236107     
   86.879999999999924        17902.316821227392        1369.9892551218904     
   87.399999999999920        16512.293863743973        1322.7478954872697     
   87.919999999999916        19085.155982613604        1492.3735651326463     
   88.439999999999912        16276.415952853864        1333.8733673252648     
   88.959999999999908        16886.964519059627        1299.1496993234891     
   89.479999999999905        17389.363261938048        1370.6704950185529     
   89.999999999999901        19286.376778836391        1458.3407249993988     
   90.519999999999897        19271.501977711065        1617.8579923606030     
   91.039999999999893        17242.300522839945        1352.5414265017469     
   91.559999999999889        16016.364720398220        1282.1874847902943     
   92.079999999999885        17704.377284529139        1365.5985680091037     
   92.599999999999881        15723.569094462082        1292.6939039656793     
   93.119999999999877        15991.636425893199        1352.1335961975435     
   93.639999999999873        14976.907711208900        1288.1720553276689     
   94.159999999999869        14853.071484940014        1258.2062018312436     
   94.679999999999865        13355.989774337922        1224.9722386681685     
   95.199999999999861        13561.800829945267        1195.2528278722784     
   95.719999999999857        13197.448098004883        1162.4336890417101     
   96.239999999999853        14455.326505231176        1286.6407194938945     
   96.759999999999849        13999.664013240965        1267.5847208788448     
   97.279999999999845        14634.328006640873        1227.6314251200101     
   97.799999999999841        13590.437920926357        1188.3365283117141     
   98.319999999999837        12542.024830899745        1158.2358084326499     
   98.839999999999833        12402.092237217235        1295.6813988071954     
   99.359999999999829        11527.685470544491        1115.9039175683970     
   99.879999999999825        10868.836474082231        1057.3813608856017     
   100.39999999999982        11751.040176682855        1105.5963882863787     
   100.91999999999982        10200.891301953228        1055.7285859670076     
   101.43999999999981        10762.005762545248        1057.2556948850940     
   101.95999999999981        564.96185571153660        296.70424264359747     
   102.47999999999981        0.0000000000000000        0.0000000000000000     
