  -1.7454323932316622E-004   1651944007.7797635        276324495.42704904     
  -1.7334150975023958E-004   3465757340.6156197        381798553.30186731     
  -1.7213978017731294E-004   3970729609.1646032        413815450.21453863     
  -1.7093805060438630E-004   4138785585.4863262        438594049.75875199     
  -1.6973632103145966E-004   4711243469.3290386        457153489.24880439     
  -1.6853459145853303E-004   4517414148.4451170        454734610.33419895     
  -1.6733286188560639E-004   4648449578.9494314        481616151.12562066     
  -1.6613113231267975E-004   4559049051.5472689        453582443.91670460     
  -1.6492940273975311E-004   5036130744.6699162        470240372.80245852     
  -1.6372767316682647E-004   5470252497.1494751        488784025.92426425     
  -1.6252594359389983E-004   5489471847.8348150        505501181.39525259     
  -1.6132421402097319E-004   5135475787.5148621        496798180.57116199     
  -1.6012248444804655E-004   4969094757.8734026        466287821.93495858     
  -1.5892075487511991E-004   5473123344.0187531        510986032.84482473     
  -1.5771902530219327E-004   5682429071.9823542        517676520.65292031     
  -1.5651729572926663E-004   5727439538.2730656        545273015.14300990     
  -1.5531556615633999E-004   5352966075.5940418        509192297.10571599     
  -1.5411383658341335E-004   6169805302.5216589        530880685.97496635     
  -1.5291210701048671E-004   5350103320.3374777        488216918.04974198     
  -1.5171037743756007E-004   6271557487.1130152        553268827.62726033     
  -1.5050864786463343E-004   6634828408.2576342        538060254.94735777     
  -1.4930691829170679E-004   6726284363.9069366        557848552.42674577     
  -1.4810518871878015E-004   6184195468.6838236        530116391.28326541     
  -1.4690345914585351E-004   7069420294.9177103        637990291.23542118     
  -1.4570172957292687E-004   7886761769.6741047        631340328.66758251     
  -1.4450000000000023E-004   7397784364.2220888        567205223.05977154     
  -1.4329827042707359E-004   6834897268.3689070        614945874.91961718     
  -1.4209654085414695E-004   7522465035.5191278        577012570.50191820     
  -1.4089481128122031E-004   6343712439.5897417        531086289.24180001     
  -1.3969308170829367E-004   7119743621.7486382        591197034.89156663     
  -1.3849135213536703E-004   7023888553.1349821        573569584.90297425     
  -1.3728962256244039E-004   7039579280.8938217        562034401.89839756     
  -1.3608789298951376E-004   8296116115.4225168        615546979.45439804     
  -1.3488616341658712E-004   7761192549.8455267        601550430.39463067     
  -1.3368443384366048E-004   8221525134.7653751        651808605.79201984     
  -1.3248270427073384E-004   7385445943.9621534        613749628.91644728     
  -1.3128097469780720E-004   8255115034.8916550        598316788.76101732     
  -1.3007924512488056E-004   8831869944.8771515        670950048.72801018     
  -1.2887751555195392E-004   8837750545.5123730        657339219.71234357     
  -1.2767578597902728E-004   8751970196.9141521        634072420.41141641     
  -1.2647405640610064E-004   9935186653.4075794        692815940.84521413     
  -1.2527232683317400E-004   9545051692.9558468        686024189.70485616     
  -1.2407059726024736E-004   9024520011.7309055        660750514.92684805     
  -1.2286886768732072E-004   10319169662.822586        760088497.82115030     
  -1.2166713811439407E-004   8805044374.0673084        707118641.72876024     
  -1.2046540854146741E-004   9661058040.8327618        656754156.66987896     
  -1.1926367896854076E-004   10717100925.368252        708349938.27966726     
  -1.1806194939561411E-004   10881576204.253847        716923373.33458674     
  -1.1686021982268745E-004   9522637679.7059422        638824495.32032454     
  -1.1565849024976080E-004   10543967446.317175        717455364.25031948     
