   77.000000000000000        0.0000000000000000        0.0000000000000000     
   77.519999999999996        1140.0439826944344        352.02142244286250     
   78.039999999999992        16876.530082075660        1303.8031186490866     
   78.559999999999988        18448.276773646940        1445.1793036837273     
   79.079999999999984        17489.047462640694        1353.3963022712246     
   79.599999999999980        17062.395089195401        1296.4545802972375     
   80.119999999999976        15951.066610928960        1358.0336154885727     
   80.639999999999972        18263.713946456410        1643.6030417504664     
   81.159999999999968        19177.976500118330        1452.5885876675077     
   81.679999999999964        19214.152126754125        1478.9359527683559     
   82.199999999999960        18574.940441954179        1458.8371707902263     
   82.719999999999956        18868.579138261059        1438.3171045541474     
   83.239999999999952        18612.963215988264        1471.4869361607557     
   83.759999999999948        19596.396699669658        1537.2625502675071     
   84.279999999999944        18347.038320381824        1434.9755159643528     
   84.799999999999940        16213.787154964004        1392.7228661477586     
   85.319999999999936        18929.817276095899        1442.8177979508996     
   85.839999999999932        16743.665074534190        1346.0356875932878     
   86.359999999999928        19155.882354066718        1470.4173231805748     
   86.879999999999924        15866.749076751546        1257.2286810244816     
   87.399999999999920        16064.645091870923        1284.0820368130912     
   87.919999999999916        17312.065981416337        1329.0639974198621     
   88.439999999999912        16830.717107803841        1348.3729125265393     
   88.959999999999908        18363.027895559528        1503.1777744313399     
   89.479999999999905        19852.650884363691        1502.6938383027491     
   89.999999999999901        17599.327396493027        1380.4491700396904     
   90.519999999999897        18364.474217291237        1408.5943546635904     
   91.039999999999893        17841.891076177904        1463.6949884889780     
   91.559999999999889        15468.387522764340        1271.9881090070571     
   92.079999999999885        18157.925560106214        1452.6926775675072     
   92.599999999999881        16866.890685951257        1341.7937738874207     
   93.119999999999877        18154.313896148094        1387.2873511604198     
   93.639999999999873        16903.642375023926        1422.9013813039446     
   94.159999999999869        16959.915492437198        1403.1378226914992     
   94.679999999999865        16756.819897838624        1370.4381879177852     
   95.199999999999861        17664.679772814798        1400.6120491242784     
   95.719999999999857        17032.369862010019        1323.6751423449014     
   96.239999999999853        17468.545772463833        1377.7381442872386     
   96.759999999999849        19249.786721978551        1428.5493389149608     
   97.279999999999845        18839.894426234347        1422.6113822790755     
   97.799999999999841        18617.951502089109        1476.6473436757767     
   98.319999999999837        16104.796176626476        1289.6859219797716     
   98.839999999999833        16929.259662671153        1320.6564275396952     
   99.359999999999829        17901.940537987168        1395.4696606962402     
   99.879999999999825        20281.520640953917        1553.6722757513398     
   100.39999999999982        20720.173782863654        1488.0855508832899     
   100.91999999999982        15270.865377312373        1221.6270435085567     
   101.43999999999981        17614.741965464174        1383.8994620628741     
   101.95999999999981        1005.2887500713053        317.72212597435049     
   102.47999999999981        0.0000000000000000        0.0000000000000000     
