  -1.0000000000000000        2.1491937390410309        1.5109366607522445     
   2.6400000000000001        0.0000000000000000        0.0000000000000000     
   6.2799999999999994        0.0000000000000000        0.0000000000000000     
   9.9199999999999999        117.43644684529863        117.41551156625800     
   13.559999999999999        12.088454270363922        12.087776723393103     
   17.199999999999999        0.0000000000000000        0.0000000000000000     
   20.840000000000000        305.39812634769157        305.27127353792082     
   24.480000000000000        27.394798012019557        27.386920284175293     
   28.120000000000001        1170.7580736305717        1169.5479874429996     
   31.759999999999998        0.0000000000000000        0.0000000000000000     
   35.399999999999999        0.0000000000000000        0.0000000000000000     
   39.039999999999999        126.48641063678096        89.594890793990572     
   42.680000000000000        0.0000000000000000        0.0000000000000000     
   46.320000000000000        0.0000000000000000        0.0000000000000000     
   49.960000000000001        0.0000000000000000        0.0000000000000000     
   53.600000000000001        0.0000000000000000        0.0000000000000000     
   57.240000000000002        8.7910807498288275        8.7904498185652429     
   60.879999999999995        0.0000000000000000        0.0000000000000000     
   64.519999999999996        22.298754417393599        22.297305081691743     
   68.159999999999997        22.746875754296969        22.745503269560796     
   71.799999999999997       0.54280315326263073       0.54273947013303248     
   75.439999999999998        0.0000000000000000        0.0000000000000000     
   79.079999999999998        21.230814548258316        15.361889150001865     
   82.719999999999999        37.632703554888195        37.628285274443861     
   86.359999999999999        20.592438892659199        12.328559075491158     
   90.000000000000000        41.536051664047569        40.527896727078115     
   93.640000000000001        13.414590776886678        13.341838530412261     
   97.280000000000001        11.592204373324968        11.591041373134098     
   100.92000000000000        20.160905275057122        13.635316841210376     
   104.56000000000000        580.15415037682703        579.41179031539627     
   108.20000000000000        14.387601349463274        13.503336669634832     
   111.84000000000000        60.260055964855894        42.790192377917400     
   115.48000000000000        0.0000000000000000        0.0000000000000000     
   119.12000000000000        0.0000000000000000        0.0000000000000000     
   122.76000000000001        0.0000000000000000        0.0000000000000000     
   126.39999999999999        28.234297092277551        28.232777117196790     
   130.03999999999999        0.0000000000000000        0.0000000000000000     
   133.67999999999998        98.993085841586421        98.982946743301866     
   137.31999999999996        66.592964192426479        66.579283049150632     
   140.95999999999995        28.611207160301472        28.608934896694642     
   144.59999999999994        0.0000000000000000        0.0000000000000000     
   148.23999999999992        0.0000000000000000        0.0000000000000000     
   151.87999999999991        0.0000000000000000        0.0000000000000000     
   155.51999999999990        0.0000000000000000        0.0000000000000000     
   159.15999999999988        0.0000000000000000        0.0000000000000000     
   162.79999999999987        24.346766506476612        21.968246958217499     
   166.43999999999986        36.866115389407312        36.862755830883053     
   170.07999999999984        20.273333239398056        20.271298479194265     
   173.71999999999983        40.074388144294318        21.488053073814552     
   177.35999999999981        0.0000000000000000        0.0000000000000000     
