  -4.0000000000000001E-003   0.0000000000000000        0.0000000000000000     
  -3.5500000000000002E-003   0.0000000000000000        0.0000000000000000     
  -3.1000000000000003E-003   0.0000000000000000        0.0000000000000000     
  -2.6500000000000004E-003   0.0000000000000000        0.0000000000000000     
  -2.2000000000000006E-003   0.0000000000000000        0.0000000000000000     
  -1.7500000000000005E-003   0.0000000000000000        0.0000000000000000     
  -1.3000000000000004E-003   0.0000000000000000        0.0000000000000000     
  -8.5000000000000028E-004   0.0000000000000000        0.0000000000000000     
  -4.0000000000000024E-004   0.0000000000000000        0.0000000000000000     
   4.9999999999999752E-005   0.0000000000000000        0.0000000000000000     
   4.9999999999999979E-004   0.0000000000000000        0.0000000000000000     
   9.4999999999999989E-004   0.0000000000000000        0.0000000000000000     
   1.4000000000000000E-003   0.0000000000000000        0.0000000000000000     
   1.8499999999999999E-003   0.0000000000000000        0.0000000000000000     
   2.3000000000000000E-003   0.0000000000000000        0.0000000000000000     
   2.7499999999999998E-003   0.0000000000000000        0.0000000000000000     
   3.1999999999999997E-003   0.0000000000000000        0.0000000000000000     
   3.6499999999999996E-003   0.0000000000000000        0.0000000000000000     
   4.0999999999999995E-003   0.0000000000000000        0.0000000000000000     
   4.5499999999999994E-003   0.0000000000000000        0.0000000000000000     
   4.9999999999999992E-003   0.0000000000000000        0.0000000000000000     
   5.4499999999999991E-003   0.0000000000000000        0.0000000000000000     
   5.8999999999999990E-003   1068307.4766640111        415151.89518305112     
   6.3499999999999989E-003   2085371.4398917465        548489.27128811961     
   6.7999999999999988E-003   3530788.1011063391        766403.80796188430     
   7.2499999999999986E-003   9585660.0638318062        1469711.1739357372     
   7.6999999999999994E-003   23938817.135202110        1987936.4767776879     
   8.1499999999999993E-003   903371101.41393006        5787509.2560101720     
   8.6000000000000000E-003   0.0000000000000000        0.0000000000000000     
   9.0500000000000008E-003   0.0000000000000000        0.0000000000000000     
   9.5000000000000015E-003   0.0000000000000000        0.0000000000000000     
   9.9500000000000022E-003   0.0000000000000000        0.0000000000000000     
   1.0400000000000003E-002   0.0000000000000000        0.0000000000000000     
   1.0850000000000004E-002   0.0000000000000000        0.0000000000000000     
   1.1300000000000004E-002   0.0000000000000000        0.0000000000000000     
   1.1750000000000005E-002   0.0000000000000000        0.0000000000000000     
   1.2200000000000006E-002   0.0000000000000000        0.0000000000000000     
   1.2650000000000007E-002   0.0000000000000000        0.0000000000000000     
   1.3100000000000007E-002   0.0000000000000000        0.0000000000000000     
   1.3550000000000008E-002   0.0000000000000000        0.0000000000000000     
   1.4000000000000009E-002   0.0000000000000000        0.0000000000000000     
   1.4450000000000010E-002   0.0000000000000000        0.0000000000000000     
   1.4900000000000010E-002   0.0000000000000000        0.0000000000000000     
   1.5350000000000011E-002   0.0000000000000000        0.0000000000000000     
   1.5800000000000012E-002   0.0000000000000000        0.0000000000000000     
   1.6250000000000011E-002   0.0000000000000000        0.0000000000000000     
   1.6700000000000010E-002   0.0000000000000000        0.0000000000000000     
   1.7150000000000009E-002   0.0000000000000000        0.0000000000000000     
   1.7600000000000008E-002   0.0000000000000000        0.0000000000000000     
   1.8050000000000007E-002   0.0000000000000000        0.0000000000000000     
