   77.000000000000000        0.0000000000000000        0.0000000000000000     
   77.519999999999996        738.72870731195849        279.66252490653517     
   78.039999999999992        18956.895383684277        1486.8192618841126     
   78.559999999999988        14945.679394983734        1204.0477623989520     
   79.079999999999984        21158.326735731134        1498.3605431612557     
   79.599999999999980        18101.213707330455        1379.0879433583330     
   80.119999999999976        19934.401941857857        1544.2180048762443     
   80.639999999999972        16052.916956798470        1259.2762291280990     
   81.159999999999968        18538.394061950145        1473.1579590963995     
   81.679999999999964        17727.150739118333        1371.7571424098412     
   82.199999999999960        18609.079250595034        1395.6814454482740     
   82.719999999999956        17761.342169019830        1359.8917670582350     
   83.239999999999952        17547.450553180945        1394.2151858307097     
   83.759999999999948        18127.149135629694        1403.0166321206179     
   84.279999999999944        16153.807568945993        1322.8235725184745     
   84.799999999999940        18115.830364344572        1429.5699808721370     
   85.319999999999936        16209.522783765828        1302.9057530074160     
   85.839999999999932        15765.961810564380        1358.2275500821718     
   86.359999999999928        18679.251390313268        1451.1150629218555     
   86.879999999999924        19158.294639057502        1430.4975432253439     
   87.399999999999920        16932.448984985062        1393.5338572151093     
   87.919999999999916        16179.795688500346        1395.8815560411660     
   88.439999999999912        17504.024945079345        1388.9112806507972     
   88.959999999999908        16661.611824977255        1327.8077204746785     
   89.479999999999905        16938.861736934508        1358.3716179096423     
   89.999999999999901        19804.817925080431        1502.5274703220209     
   90.519999999999897        19055.076259036559        1557.6963029692920     
   91.039999999999893        16879.874003376037        1316.3938993070178     
   91.559999999999889        18626.028590138783        1380.3026842817974     
   92.079999999999885        17075.585348741643        1347.5624847726926     
   92.599999999999881        16324.741438099121        1305.7576071621638     
   93.119999999999877        18492.196426333114        1409.6621460887914     
   93.639999999999873        17586.731648470755        1387.8678305651415     
   94.159999999999869        16842.534336323464        1337.4577408999560     
   94.679999999999865        16234.086931313039        1366.4776045412364     
   95.199999999999861        19758.614499115603        1492.2089750907933     
   95.719999999999857        16599.183118801553        1376.8277634608462     
   96.239999999999853        20255.943736390553        1498.8421134465891     
   96.759999999999849        17844.202180729131        1463.1314469265906     
   97.279999999999845        18388.711555846221        1460.9891766201838     
   97.799999999999841        19634.741765419072        1463.8281156730609     
   98.319999999999837        18454.866650749456        1613.3273398511708     
   98.839999999999833        18429.633747736643        1518.6518545904014     
   99.359999999999829        15625.886080376817        1309.9067701664794     
   99.879999999999825        17021.580755154115        1308.9396026759487     
   100.39999999999982        16899.196570476644        1297.5432876634163     
   100.91999999999982        19000.690876449600        1517.1294420564482     
   101.43999999999981        18767.082264950899        1388.9289309111239     
   101.95999999999981        526.14023811230584        252.24907437812254     
   102.47999999999981        0.0000000000000000        0.0000000000000000     
